SRC-DST
0.125, 0.09
0.4, 0.893
POLYGON
0.021255809761476292,0.9643953419806499
0.4606201831466252,0.9643953419806499
0.4606201831466252,0.941270901093607
0.021255809761476292,0.941270901093607
POLYGON
0.5299935058077538,0.9643953419806499
0.9693578826615689,0.9643953419806499
0.9693578826615689,0.941270901093607
0.5299935058077538,0.941270901093607
POLYGON
0.021255809761476292,0.8487731375454355
0.09062912895393885,0.8487731375454355
0.09062912895393885,0.8256486966583925
0.021255809761476292,0.8256486966583925
POLYGON
0.9693578826615689,0.8487731375454355
0.8999845600004401,0.8487731375454355
0.8999845600004401,0.8256486966583925
0.9693578826615689,0.8256486966583925
POLYGON
0.16000245161506751,0.8487731375454355
0.16000245161506751,0.8256486966583925
0.8306112373393115,0.8256486966583925
0.8306112373393115,0.8487731375454355
POLYGON
0.021255809761476292,0.733150933110221
0.4606201831466252,0.733150933110221
0.4606201831466252,0.710026492223178
0.021255809761476292,0.710026492223178
POLYGON
0.5299935058077538,0.733150933110221
0.9693578826615689,0.733150933110221
0.9693578826615689,0.710026492223178
0.5299935058077538,0.710026492223178
POLYGON
0.02208841450539062,0.6137512934450058
0.09146173601029726,0.6137512934450058
0.09146173601029726,0.5906268525579629
0.02208841450539062,0.5906268525579629
POLYGON
0.9701904897179273,0.6137512934450058
0.9008171670567986,0.6137512934450058
0.9008171670567986,0.5906268525579629
0.9701904897179273,0.5906268525579629
POLYGON
0.16083505867142595,0.6137512934450058
0.16083505867142595,0.5906268525579629
0.83144384439567,0.5906268525579629
0.83144384439567,0.6137512934450058
POLYGON
0.02208841450539062,0.49812908900979136
0.3441072136862214,0.49812908900979136
0.3441072136862214,0.47500464812274845
0.02208841450539062,0.47500464812274845
POLYGON
0.41234124139372724,0.49812908900979136
0.9701904550312661,0.49812908900979136
0.9701904550312661,0.47500464812274845
0.41234124139372724,0.47500464812274845
POLYGON
0.9686971480121035,0.3863014087663931
0.8993238253509748,0.3863014087663931
0.8993238253509748,0.36317696787935017
0.9686971480121035,0.36317696787935017
POLYGON
0.07161734675421565,0.3863014087663931
0.07161734675421565,0.36317696787935017
0.8299504795654054,0.36317696787935017
0.8299504795654054,0.3863014087663931
POLYGON
0.020595080893121027,0.27067920433117854
0.2503323913278424,0.27067920433117854
0.2503323913278424,0.24755476344413563
0.020595080893121027,0.24755476344413563
POLYGON
0.32426282443013976,0.27067920433117854
0.9686971364498831,0.27067920433117854
0.9686971364498831,0.24755476344413563
0.32426282443013976,0.24755476344413563
POLYGON
0.02,0.15636569294130498
0.0893733099426862,0.15636569294130498
0.0893733099426862,0.13324125205426207
0.02,0.13324125205426207
POLYGON
0.9681020983369776,0.15636569294130498
0.8987287756758489,0.15636569294130498
0.8987287756758489,0.13324125205426207
0.9681020983369776,0.13324125205426207
POLYGON
0.15874663260381489,0.15636569294130498
0.15874663260381489,0.13324125205426207
0.8293554530147202,0.13324125205426207
0.8293554530147202,0.15636569294130498
POLYGON
0.02,0.04074348850609055
0.4593643988220339,0.04074348850609055
0.4593643988220339,0.017619047619047645
0.02,0.017619047619047645
POLYGON
0.5287377214831626,0.04074348850609055
0.9681020983369776,0.04074348850609055
0.9681020983369776,0.017619047619047645
0.5287377214831626,0.017619047619047645
END
